const uint8_t TabX[] = {
 91,  90,  34,  33,  92,  91,  33,  32,  93,  92,  32,  31,  94,  93,  31,  30,  95,  94,  30,  29,  96,  95,  29,  28,  98,  97,  28,  27,  98,  27,  26,  99,
 96,  95,  94,  93,  92,  91,  90,  89,  88,  87,  86,  85,  84,  83,  82,  81,  80,  79,  78,  77,  76,  75,  74,  73,  72,  71,  70,  69,  68,  67,  66,  65,
 64,  63,  62,  61,  60,  59,  58,  57,  56,  55,  54,  53,  52,  51,  50,  49,  48,  47,  46,  45,  44,  43,  42,  41,  40,  39,  38,  37,  26,  25,  37,  36,
 25,  36,  25, 102, 101, 100,  99,  98,  97,  38,  37,  36,  25,  22, 104, 103, 102,  96,  95,  94,  93,  92,  91,  90,  89,  88,  87,  86,  85,  84,  83,  82,
 81,  80,  79,  78,  77,  76,  75,  74,  73,  72,  71,  70,  69,  68,  67,  66,  65,  64,  63,  62,  61,  60,  59,  58,  57,  56,  55,  54,  53,  52,  51,  50,
 49,  48,  47,  46,  45,  44,  43,  42,  41,  40,  39,  25,  22,  21, 105, 104,  25,  20,  19, 106, 105,  25,  22,  19, 107, 106,  25,  22,  19,  18, 108, 107,
 25,  22,  18,  17, 109, 108,  25,  22,  17,  16, 110, 109,  25,  22,  16,  15, 111, 110,  25,  22,  15,  14, 112, 111,  25,  22,  14,  13, 113, 112, 110, 109,
108, 107, 106, 105, 104, 103, 102, 101, 100,  99,  98,  97,  96,  95,  94,  93,  92,  91,  90,  89,  88,  87,  86,  85,  84,  83,  82,  81,  80,  79,  78,  77,
 76,  75,  74,  73,  72,  71,  70,  69,  68,  67,  66,  65,  64,  63,  62,  61,  60,  59,  58,  57,  56,  55,  54,  53,  52,  51,  50,  49,  48,  47,  46,  45,
 44,  43,  42,  41,  40,  39,  38,  37,  25,  22,  13,  12, 113,  37,  36,  25,  22,  12,  36,  25,  22,  12,  11, 115, 114, 113, 112,  37,  36,  25,  22,  11,
  9, 117, 116, 111, 110, 109, 108, 107, 106, 105, 104, 103, 102, 101, 100,  99,  98,  97,  96,  95,  94,  93,  92,  91,  90,  89,  88,  87,  86,  85,  84,  83,
 82,  81,  80,  79,  78,  77,  76,  75,  74,  73,  72,  71,  70,  69,  68,  67,  66,  65,  64,  63,  62,  61,  60,  59,  58,  57,  56,  55,  54,  53,  52,  51,
 50,  49,  48,  47,  46,  45,  44,  43,  42,  41,  40,  39,  38,  25,  22,  12,   8,   7, 118, 117,  25,  22,  12,   7,   6, 119, 118,  25,  22,  12,   6,   5,
120, 119,  25,  22,  12,   9,   5,   4, 121, 120,  25,  22,  12,   9,   4,   3, 122, 121,  25,  22,  12,   9,   3,   2, 123, 122,  25,  22,  12,   8,   2,   1,
124, 123,  25,  22,  12,   8,   1,   0, 125,  25,  22,  12,   8,   0,   1, 109, 108, 107, 106, 105, 104, 103, 102, 101, 100,  99,  98,  97,  25,  22,  12,   8,
  1, 125, 124, 123, 122, 121, 120, 119, 118, 117, 116, 115, 114, 113, 112, 111, 110,  96,  95,  94,  93,  92,  91,  90,  89,  88,  87,  86,  85,  84,  83,  82,
 81,  80,  79,  78,  77,  76,  75,  74,  73,  72,  71,  70,  69,  68,  67,  66,  65,  64,  63,  62,  61,  60,  59,  58,  57,  56,  55,  54,  53,  52,  51,  50,
 49,  48,  47,  46,  45,  44,  43,  42,  41,  40,  39,  38,  37,  25,  22,  12,   8,  37,  36,  25,  22,  12,   8, 106, 105, 104, 103, 102, 101, 100,  36,  25,
 22,  12,   8, 112, 111, 110, 109, 108, 107, 100,  99,  98,  97,  96,  95,  36,  25,  22,  12,   8, 114, 113, 112,  94,  93,  92,  36,  25,  22,  12,   8, 116,
115,  92,  91,  90,  36,  25,  22,  12,   8, 118, 117, 108, 107, 106, 105, 104, 103, 102, 101, 100,  99,  98,  90,  89,  88,  36,  25,  22,  12,   8, 119, 118,
111, 110, 109,  97,  96,  95,  88,  87,  36,  25,  22,  12,   8, 120, 119, 114, 113, 112,  94,  93,  87,  86,  36,  25,  22,  12,   8, 121, 120, 115, 114,  92,
 91,  86,  85,  36,  25,  22,  12,   8, 122, 121, 117, 116,  91,  90,  85,  84,  36,  25,  22,  12,   8, 123, 122, 118, 117,  89,  88,  84,  83,  36,  25,  22,
 12,   8, 124, 123, 119, 118,  88,  87,  83,  82,  36,  25,  22,  12,   8, 124, 120, 119,  87,  86,  82,  36,  25,  22,  12,   8, 125, 120,  86,  81,  36,  25,
 22,  12,   8, 126, 125, 121,  86,  85,  81,  80,  36,  25,  22,  12,   8, 126, 122, 121,  85,  84,  80,  36,  35,  34,  26,  25,  22,  21,  13,  12,   8, 126,
122,  84,  80,  79,  34,  33,  32,  31,  30,  29,  28,  27,  21,  20,  19,  18,  17,  16,  15,  14,  13,   7,   6,   5,   4,   3,   2,   1,   0,   1, 123, 122,
 84,  83,  79, 123,  83,  79,  78,  77, 123,  83,  82,  76,  75,  74,  73,  72,  71,  70,  69,  68,  67,  66,  65,  64,  63,  62,  61,  60,  59,  58,  57,  56,
 55,  54,  53,  52,  51,  50,  49,  48,  47,  46,  45,  44,  43,  42,  41,  40,  39,  38,  37,  36,  35,  34,  33,  32,  31,  30,  29,  28,  27,  26,  25,  24,
 23,  22,  21,  20,  19,  18,  17,  16,  15,  14,  13,  12,  11,  10,   9,   8,   7,   6,   5,   4,   3,   2,   1,   0,   1, 124,  82, 124,  82,  81, 124,  81,
 80,  79, 124,  78,  77,  76,  75,  74,  73,  72,  71,  70,  69,  68,  67,  66,  65,  64,  63,  62,  61,  60,  59,  58,  57,  56,  55,  54,  53,  52,  51,  50,
 49,  48,  47,  46,  45,  44,  43,  42,  41,  40,  39,  38,  37,  36,  35,  34,  33,  32,  31,  30,  29,  28,  27,  26,  25,  24,  23,  22,  21,  20,  19,  18,
 17,  16,  15,  14,  13,  12,  11,  10,   9,   8,   7,   6,   5,   4,   3,   2,   1, 124,   1, 124,   1, 124,   1, 124,   1, 124,   1, 124,  76,  75,  74,  73,
 72,  71,  70,  69,  68,  67,  66,  65,  64,  63,  62,  61,  60,  59,  58,  57,  56,  55,  54,  53,  52,  51,  50,  49,  48,  47,  46,  45,  44,  43,  42,  41,
 40,  39,  38,  37,  36,  35,  34,  33,  32,  31,  30,  29,  28,  27,  26,  25,  24,  23,  22,  21,  20,  19,  18,  17,  16,  15,  14,  13,  12,  11,  10,   9,
  8,   7,   6,   5,   4,   3,   2,   1, 124,  81,  80,  79,  78,  77, 124,  82,  81, 123,  82, 123,  83,  82,  76,  75,  74,  73,  72,  71,  70,  69,  68,  67,
 66,  65,  64,  63,  62,  61,  60,  59,  58,  57,  56,  55,  54,  53,  52,  51,  50,  49,  48,  47,  46,  45,  44,  43,  42,  41,  40,  39,  38,  37,  36,  35,
 34,  33,  32,  31,  30,  29,  28,  27,  26,  25,  24,  23,  22,  21,  20,  19,  18,  17,  16,  15,  14,  13,  12,  11,  10,   9,   8,   7,   6,   5,   4,   3,
  2,   1,   0,   1, 123,  83,  79,  78,  77, 126, 122,  83,  79, 126, 122,  84,  79, 126, 121,  84,  80,  35,  34,  33,  32,  31,  30,  29,  28,  27,  26,  24,
 22,  21,  20,  19,  18,  17,  16,  15,  14,  13,  12,   8,   7,   6,   5,   4,   3,   2,   1,   0,   1, 125, 121, 120,  85,  84,  80,  36,  35,  26,  25,  22,
 12,   8, 125, 124, 120,  85,  81,  36,  25,  22,  12,   8, 124, 120, 119,  86,  81,  36,  25,  22,  12,   8, 124, 123, 119, 118,  87,  86,  82,  36,  25,  22,
 12,   8, 123, 122, 118, 117,  88,  87,  83,  82,  36,  25,  22,  12,   8, 122, 117, 116,  89,  88,  83,  36,  25,  22,  12,   8, 121, 116, 115, 114,  90,  89,
 84,  36,  25,  22,  12,   8, 121, 120, 114, 113,  91,  90,  85,  84,  36,  25,  22,  12,   8, 120, 119, 118, 113, 112, 111,  93,  92,  86,  85,  36,  25,  22,
 12,   8, 118, 117, 110, 109, 108,  96,  95,  94,  87,  86,  36,  25,  22,  12,   8, 117, 116, 107, 106, 105, 104, 103, 102, 101, 100,  99,  98,  97,  89,  88,
 36,  25,  22,  12,   8, 115, 114,  91,  90,  89,  36,  25,  22,  12,   8, 113, 112, 111,  93,  92,  91,  36,  25,  22,  12,   9, 110, 109, 108, 107, 106, 105,
 99,  98,  97,  96,  95,  94,  36,  25,  22,  12,   9, 104, 103, 102, 101, 100,  36,  25,  22,  12,   9,  37,  36,  25,  22,  12,   9, 125, 124, 123, 122, 121,
120, 119, 118, 117, 116, 115, 114, 113, 112, 111, 110, 109,  95,  94,  93,  92,  91,  90,  89,  88,  87,  86,  85,  84,  83,  82,  81,  80,  79,  78,  77,  76,
 75,  74,  73,  72,  71,  70,  69,  68,  67,  66,  65,  64,  63,  62,  61,  60,  59,  58,  57,  56,  55,  54,  53,  52,  51,  50,  49,  48,  47,  46,  45,  44,
 43,  42,  41,  40,  39,  38,  37,  25,  22,  12,   9, 108, 107, 106, 105, 104, 103, 102, 101, 100,  99,  98,  97,  96,  25,  22,  12,   9,   1, 125,  25,  22,
 12,   9,   0,   1, 125, 124,  25,  22,  12,   9,   1,   0, 124, 123,  25,  22,  12,   9,   2,   1, 123, 122,  25,  22,  12,   9,   3,   2, 122, 121, 120,  25,
 22,  12,   9,   4,   3, 120, 119,  25,  22,  12,   9,   5,   4, 119, 118,  25,  22,  12,   9,   6,   5, 118, 117,  25,  22,  12,   7,   6, 117, 116, 111, 110,
109, 108, 107, 106, 105, 104, 103, 102, 101, 100,  99,  98,  97,  96,  95,  94,  93,  92,  91,  90,  89,  88,  87,  86,  85,  84,  83,  82,  81,  80,  79,  78,
 77,  76,  75,  74,  73,  72,  71,  70,  69,  68,  67,  66,  65,  64,  63,  62,  61,  60,  59,  58,  57,  56,  55,  54,  53,  52,  51,  50,  49,  48,  47,  46,
 45,  44,  43,  42,  41,  40,  39,  38,  25,  22,  12,   9,   8, 116, 115, 114, 113, 112,  37,  36,  25,  22,  11,   9,  36,  25,  22,  11, 113,  37,  36,  25,
 22,  12, 113, 112, 110, 109, 108, 107, 106, 105, 104, 103, 102, 101, 100,  99,  98,  97,  96,  95,  94,  93,  92,  91,  90,  89,  88,  87,  86,  85,  84,  83,
 82,  81,  80,  79,  78,  77,  76,  75,  74,  73,  72,  71,  70,  69,  68,  67,  66,  65,  64,  63,  62,  61,  60,  59,  58,  57,  56,  55,  54,  53,  52,  51,
 50,  49,  48,  47,  46,  45,  44,  43,  42,  41,  40,  39,  38,  37,  25,  22,  13,  12, 112,  25,  22,  14,  13, 111, 110,  25,  22,  15,  14, 110, 109,  25,
 22,  16,  15, 109, 108,  25,  22,  17,  16, 108, 107,  25,  22,  18,  17, 107, 106,  25,  22,  19,  18, 106, 105,  25,  22,  20,  19, 105, 104,  25,  21,  20,
104, 103,  96,  95,  94,  93,  92,  91,  90,  89,  88,  87,  86,  85,  84,  83,  82,  81,  80,  79,  78,  77,  76,  75,  74,  73,  72,  71,  70,  69,  68,  67,
 66,  65,  64,  63,  62,  61,  60,  59,  58,  57,  56,  55,  54,  53,  52,  51,  50,  49,  48,  47,  46,  45,  44,  43,  42,  41,  40,  39,  25,  22,  21, 102,
101, 100,  99,  98,  97,  38,  37,  36,  25,  22,  36,  25,  37,  36,  25,  99,  96,  95,  94,  93,  92,  91,  90,  89,  88,  87,  86,  85,  84,  83,  82,  81,
 80,  79,  78,  77,  76,  75,  74,  73,  72,  71,  70,  69,  68,  67,  66,  65,  64,  63,  62,  61,  60,  59,  58,  57,  56,  55,  54,  53,  52,  51,  50,  49,
 48,  47,  46,  45,  44,  43,  42,  41,  40,  39,  38,  37,  26,  25,  99,  98,  27,  26,  98,  97,  28,  27,  97,  96,  29,  28,  96,  95,  94,  30,  29,  94,
 93,  31,  30,  93,  92,  32,  31,  92,  91,  33,  32,  91,  90,  34,  33, };
const uint8_t TabY[] = {
  2,   2,   2,   2,   3,   3,   3,   3,   4,   4,   4,   4,   5,   5,   5,   5,   6,   6,   6,   6,   7,   7,   7,   7,   8,   8,   8,   8,   9,   9,   9,  10,
 10,  10,  10,  10,  10,  10,  10,  10,  10,  10,  10,  10,  10,  10,  10,  10,  10,  10,  10,  10,  10,  10,  10,  10,  10,  10,  10,  10,  10,  10,  10,  10,
 10,  10,  10,  10,  10,  10,  10,  10,  10,  10,  10,  10,  10,  10,  10,  10,  10,  10,  10,  10,  10,  10,  10,  10,  10,  10,  10,  10,  10,  10,  11,  11,
 11,  12,  12,  13,  13,  13,  13,  13,  13,  13,  13,  13,  13,  13,  14,  14,  14,  14,  14,  14,  14,  14,  14,  14,  14,  14,  14,  14,  14,  14,  14,  14,
 14,  14,  14,  14,  14,  14,  14,  14,  14,  14,  14,  14,  14,  14,  14,  14,  14,  14,  14,  14,  14,  14,  14,  14,  14,  14,  14,  14,  14,  14,  14,  14,
 14,  14,  14,  14,  14,  14,  14,  14,  14,  14,  14,  14,  14,  14,  15,  15,  15,  15,  15,  16,  16,  16,  16,  16,  17,  17,  17,  17,  17,  17,  18,  18,
 18,  18,  18,  18,  19,  19,  19,  19,  19,  19,  20,  20,  20,  20,  20,  20,  21,  21,  21,  21,  21,  21,  22,  22,  22,  22,  22,  22,  23,  23,  23,  23,
 23,  23,  23,  23,  23,  23,  23,  23,  23,  23,  23,  23,  23,  23,  23,  23,  23,  23,  23,  23,  23,  23,  23,  23,  23,  23,  23,  23,  23,  23,  23,  23,
 23,  23,  23,  23,  23,  23,  23,  23,  23,  23,  23,  23,  23,  23,  23,  23,  23,  23,  23,  23,  23,  23,  23,  23,  23,  23,  23,  23,  23,  23,  23,  23,
 23,  23,  23,  23,  23,  23,  23,  23,  23,  23,  23,  23,  24,  24,  24,  24,  24,  24,  25,  25,  25,  25,  25,  26,  26,  26,  26,  26,  26,  26,  26,  26,
 26,  27,  27,  27,  27,  27,  27,  27,  27,  27,  27,  27,  27,  27,  27,  27,  27,  27,  27,  27,  27,  27,  27,  27,  27,  27,  27,  27,  27,  27,  27,  27,
 27,  27,  27,  27,  27,  27,  27,  27,  27,  27,  27,  27,  27,  27,  27,  27,  27,  27,  27,  27,  27,  27,  27,  27,  27,  27,  27,  27,  27,  27,  27,  27,
 27,  27,  27,  27,  27,  27,  27,  27,  27,  27,  27,  27,  27,  27,  27,  27,  27,  27,  28,  28,  28,  28,  28,  28,  28,  29,  29,  29,  29,  29,  29,  29,
 30,  30,  30,  30,  30,  30,  30,  30,  31,  31,  31,  31,  31,  31,  31,  31,  32,  32,  32,  32,  32,  32,  32,  32,  33,  33,  33,  33,  33,  33,  33,  33,
 34,  34,  34,  34,  34,  34,  34,  34,  35,  35,  35,  35,  35,  35,  35,  36,  36,  36,  36,  36,  36,  36,  36,  36,  36,  36,  36,  36,  36,  36,  36,  36,
 36,  37,  37,  37,  37,  37,  37,  37,  37,  37,  37,  37,  37,  37,  37,  37,  37,  37,  37,  37,  37,  37,  37,  37,  37,  37,  37,  37,  37,  37,  37,  37,
 37,  37,  37,  37,  37,  37,  37,  37,  37,  37,  37,  37,  37,  37,  37,  37,  37,  37,  37,  37,  37,  37,  37,  37,  37,  37,  37,  37,  37,  37,  37,  37,
 37,  37,  37,  37,  37,  37,  37,  37,  37,  37,  37,  37,  37,  37,  37,  37,  37,  38,  38,  38,  38,  38,  38,  39,  39,  39,  39,  39,  39,  39,  39,  39,
 39,  39,  39,  40,  40,  40,  40,  40,  40,  40,  40,  40,  40,  40,  40,  40,  40,  40,  40,  40,  41,  41,  41,  41,  41,  41,  41,  41,  41,  41,  41,  42,
 42,  42,  42,  42,  42,  42,  42,  42,  42,  43,  43,  43,  43,  43,  43,  43,  43,  43,  43,  43,  43,  43,  43,  43,  43,  43,  43,  43,  43,  43,  44,  44,
 44,  44,  44,  44,  44,  44,  44,  44,  44,  44,  44,  44,  44,  45,  45,  45,  45,  45,  45,  45,  45,  45,  45,  45,  45,  45,  45,  46,  46,  46,  46,  46,
 46,  46,  46,  46,  46,  46,  46,  46,  47,  47,  47,  47,  47,  47,  47,  47,  47,  47,  47,  47,  47,  48,  48,  48,  48,  48,  48,  48,  48,  48,  48,  48,
 48,  48,  49,  49,  49,  49,  49,  49,  49,  49,  49,  49,  49,  49,  49,  50,  50,  50,  50,  50,  50,  50,  50,  50,  50,  50,  51,  51,  51,  51,  51,  51,
 51,  51,  51,  52,  52,  52,  52,  52,  52,  52,  52,  52,  52,  52,  52,  53,  53,  53,  53,  53,  53,  53,  53,  53,  53,  53,  53,  53,  53,  53,  53,  54,
 54,  54,  54,  54,  54,  54,  54,  54,  54,  54,  54,  54,  54,  54,  54,  54,  54,  54,  54,  54,  54,  54,  54,  54,  54,  54,  54,  54,  54,  54,  55,  55,
 55,  55,  55,  56,  56,  56,  56,  56,  57,  57,  57,  57,  57,  57,  57,  57,  57,  57,  57,  57,  57,  57,  57,  57,  57,  57,  57,  57,  57,  57,  57,  57,
 57,  57,  57,  57,  57,  57,  57,  57,  57,  57,  57,  57,  57,  57,  57,  57,  57,  57,  57,  57,  57,  57,  57,  57,  57,  57,  57,  57,  57,  57,  57,  57,
 57,  57,  57,  57,  57,  57,  57,  57,  57,  57,  57,  57,  57,  57,  57,  57,  57,  57,  57,  57,  57,  57,  57,  57,  57,  58,  58,  59,  59,  59,  60,  60,
 60,  60,  61,  61,  61,  61,  61,  61,  61,  61,  61,  61,  61,  61,  61,  61,  61,  61,  61,  61,  61,  61,  61,  61,  61,  61,  61,  61,  61,  61,  61,  61,
 61,  61,  61,  61,  61,  61,  61,  61,  61,  61,  61,  61,  61,  61,  61,  61,  61,  61,  61,  61,  61,  61,  61,  61,  61,  61,  61,  61,  61,  61,  61,  61,
 61,  61,  61,  61,  61,  61,  61,  61,  61,  61,  61,  61,  61,  61,  61,  61,  61,  62,  62,  63,  63,  64,  64,  65,  65,  66,  66,  67,  67,  67,  67,  67,
 67,  67,  67,  67,  67,  67,  67,  67,  67,  67,  67,  67,  67,  67,  67,  67,  67,  67,  67,  67,  67,  67,  67,  67,  67,  67,  67,  67,  67,  67,  67,  67,
 67,  67,  67,  67,  67,  67,  67,  67,  67,  67,  67,  67,  67,  67,  67,  67,  67,  67,  67,  67,  67,  67,  67,  67,  67,  67,  67,  67,  67,  67,  67,  67,
 67,  67,  67,  67,  67,  67,  67,  67,  68,  68,  68,  68,  68,  68,  69,  69,  69,  70,  70,  71,  71,  71,  71,  71,  71,  71,  71,  71,  71,  71,  71,  71,
 71,  71,  71,  71,  71,  71,  71,  71,  71,  71,  71,  71,  71,  71,  71,  71,  71,  71,  71,  71,  71,  71,  71,  71,  71,  71,  71,  71,  71,  71,  71,  71,
 71,  71,  71,  71,  71,  71,  71,  71,  71,  71,  71,  71,  71,  71,  71,  71,  71,  71,  71,  71,  71,  71,  71,  71,  71,  71,  71,  71,  71,  71,  71,  71,
 71,  71,  71,  71,  72,  72,  72,  72,  72,  73,  73,  73,  73,  74,  74,  74,  74,  75,  75,  75,  75,  75,  75,  75,  75,  75,  75,  75,  75,  75,  75,  75,
 75,  75,  75,  75,  75,  75,  75,  75,  75,  75,  75,  75,  75,  75,  75,  75,  75,  75,  75,  75,  75,  76,  76,  76,  76,  76,  76,  76,  76,  76,  76,  76,
 76,  76,  77,  77,  77,  77,  77,  77,  77,  77,  77,  77,  78,  78,  78,  78,  78,  78,  78,  78,  78,  78,  79,  79,  79,  79,  79,  79,  79,  79,  79,  79,
 79,  79,  80,  80,  80,  80,  80,  80,  80,  80,  80,  80,  80,  80,  80,  81,  81,  81,  81,  81,  81,  81,  81,  81,  81,  81,  82,  82,  82,  82,  82,  82,
 82,  82,  82,  82,  82,  82,  83,  83,  83,  83,  83,  83,  83,  83,  83,  83,  83,  83,  83,  84,  84,  84,  84,  84,  84,  84,  84,  84,  84,  84,  84,  84,
 84,  84,  85,  85,  85,  85,  85,  85,  85,  85,  85,  85,  85,  85,  85,  85,  85,  86,  86,  86,  86,  86,  86,  86,  86,  86,  86,  86,  86,  86,  86,  86,
 86,  86,  86,  86,  86,  87,  87,  87,  87,  87,  87,  87,  87,  87,  87,  88,  88,  88,  88,  88,  88,  88,  88,  88,  88,  88,  89,  89,  89,  89,  89,  89,
 89,  89,  89,  89,  89,  89,  89,  89,  89,  89,  89,  90,  90,  90,  90,  90,  90,  90,  90,  90,  90,  91,  91,  91,  91,  91,  91,  92,  92,  92,  92,  92,
 92,  92,  92,  92,  92,  92,  92,  92,  92,  92,  92,  92,  92,  92,  92,  92,  92,  92,  92,  92,  92,  92,  92,  92,  92,  92,  92,  92,  92,  92,  92,  92,
 92,  92,  92,  92,  92,  92,  92,  92,  92,  92,  92,  92,  92,  92,  92,  92,  92,  92,  92,  92,  92,  92,  92,  92,  92,  92,  92,  92,  92,  92,  92,  92,
 92,  92,  92,  92,  92,  92,  92,  92,  92,  92,  92,  93,  93,  93,  93,  93,  93,  93,  93,  93,  93,  93,  93,  93,  93,  93,  93,  93,  93,  94,  94,  94,
 94,  94,  94,  94,  95,  95,  95,  95,  95,  95,  95,  95,  96,  96,  96,  96,  96,  96,  96,  96,  97,  97,  97,  97,  97,  97,  97,  97,  98,  98,  98,  98,
 98,  98,  98,  98,  98,  99,  99,  99,  99,  99,  99,  99,  99, 100, 100, 100, 100, 100, 100, 100, 100, 101, 101, 101, 101, 101, 101, 101, 102, 102, 102, 102,
102, 102, 102, 102, 102, 102, 102, 102, 102, 102, 102, 102, 102, 102, 102, 102, 102, 102, 102, 102, 102, 102, 102, 102, 102, 102, 102, 102, 102, 102, 102, 102,
102, 102, 102, 102, 102, 102, 102, 102, 102, 102, 102, 102, 102, 102, 102, 102, 102, 102, 102, 102, 102, 102, 102, 102, 102, 102, 102, 102, 102, 102, 102, 102,
102, 102, 102, 102, 102, 102, 102, 102, 102, 102, 102, 102, 102, 103, 103, 103, 103, 103, 103, 103, 103, 103, 103, 103, 104, 104, 104, 104, 105, 105, 105, 105,
105, 105, 106, 106, 106, 106, 106, 106, 106, 106, 106, 106, 106, 106, 106, 106, 106, 106, 106, 106, 106, 106, 106, 106, 106, 106, 106, 106, 106, 106, 106, 106,
106, 106, 106, 106, 106, 106, 106, 106, 106, 106, 106, 106, 106, 106, 106, 106, 106, 106, 106, 106, 106, 106, 106, 106, 106, 106, 106, 106, 106, 106, 106, 106,
106, 106, 106, 106, 106, 106, 106, 106, 106, 106, 106, 106, 106, 106, 106, 106, 106, 106, 107, 107, 107, 107, 107, 108, 108, 108, 108, 108, 108, 109, 109, 109,
109, 109, 109, 110, 110, 110, 110, 110, 110, 111, 111, 111, 111, 111, 111, 112, 112, 112, 112, 112, 112, 113, 113, 113, 113, 113, 113, 114, 114, 114, 114, 114,
115, 115, 115, 115, 115, 115, 115, 115, 115, 115, 115, 115, 115, 115, 115, 115, 115, 115, 115, 115, 115, 115, 115, 115, 115, 115, 115, 115, 115, 115, 115, 115,
115, 115, 115, 115, 115, 115, 115, 115, 115, 115, 115, 115, 115, 115, 115, 115, 115, 115, 115, 115, 115, 115, 115, 115, 115, 115, 115, 115, 115, 115, 115, 116,
116, 116, 116, 116, 116, 116, 116, 116, 116, 116, 117, 117, 118, 118, 118, 119, 119, 119, 119, 119, 119, 119, 119, 119, 119, 119, 119, 119, 119, 119, 119, 119,
119, 119, 119, 119, 119, 119, 119, 119, 119, 119, 119, 119, 119, 119, 119, 119, 119, 119, 119, 119, 119, 119, 119, 119, 119, 119, 119, 119, 119, 119, 119, 119,
119, 119, 119, 119, 119, 119, 119, 119, 119, 119, 119, 119, 119, 119, 120, 120, 120, 120, 121, 121, 121, 121, 122, 122, 122, 122, 123, 123, 123, 123, 123, 124,
124, 124, 124, 125, 125, 125, 125, 126, 126, 126, 126, 127, 127, 127, 127, };